# Blender 4.4.3
# www.blender.org
o Cube
v 0.278562 0.050000 -1.495422
v 0.278562 -0.050000 -1.495422
v 0.214953 0.050000 1.503903
v 0.214953 -0.050000 1.503903
v -0.121348 0.050000 -1.503903
v -0.121348 -0.050000 -1.503903
v -0.184957 0.050000 1.495422
v -0.184957 -0.050000 1.495422
vn -0.0000 1.0000 -0.0000
vn -0.0212 -0.0000 0.9998
vn -0.9998 -0.0000 -0.0212
vn -0.0000 -1.0000 -0.0000
vn 0.9998 -0.0000 0.0212
vn 0.0212 -0.0000 -0.9998
vt 0.988441 0.447736
vt 0.988441 0.578760
vt 0.005765 0.578760
vt 0.005765 0.447736
vt 0.136788 0.218445
vt 0.136788 0.251201
vt 0.005765 0.251201
vt 0.005765 0.218445
vt 0.988441 0.283957
vt 0.988441 0.316713
vt 0.005765 0.316713
vt 0.005765 0.283957
vt 0.988441 0.316713
vt 0.005765 0.316713
vt 0.988441 0.251201
vt 0.988441 0.283957
vt 0.005765 0.283957
vt 0.005765 0.251201
vt 0.267812 0.218445
vt 0.267812 0.251201
s 0
f 1/1/1 5/2/1 7/3/1 3/4/1
f 4/5/2 3/6/2 7/7/2 8/8/2
f 8/9/3 7/10/3 5/11/3 6/12/3
f 6/13/4 2/1/4 4/4/4 8/14/4
f 2/15/5 1/16/5 3/17/5 4/18/5
f 6/19/6 5/20/6 1/6/6 2/5/6
o Cube.001
v 0.718273 0.050000 -1.506671
v 0.718273 -0.050000 -1.506671
v 0.835530 0.050000 1.491037
v 0.835530 -0.050000 1.491037
v 0.318579 0.050000 -1.491037
v 0.318579 -0.050000 -1.491037
v 0.435835 0.050000 1.506671
v 0.435835 -0.050000 1.506671
vn -0.0000 1.0000 -0.0000
vn 0.0391 -0.0000 0.9992
vn -0.9992 -0.0000 0.0391
vn -0.0000 -1.0000 -0.0000
vn 0.9992 -0.0000 -0.0391
vn -0.0391 -0.0000 -0.9992
vt 0.988441 0.761213
vt 0.988441 0.892236
vt 0.005765 0.892236
vt 0.005765 0.761213
vt 0.136788 0.531921
vt 0.136788 0.564677
vt 0.005765 0.564677
vt 0.005765 0.531921
vt 0.988441 0.597433
vt 0.988441 0.630189
vt 0.005765 0.630189
vt 0.005765 0.597433
vt 0.988441 0.630189
vt 0.005765 0.761213
vt 0.005765 0.630189
vt 0.988441 0.564677
vt 0.988441 0.597433
vt 0.005765 0.597433
vt 0.267812 0.531921
vt 0.267812 0.564677
vt 0.136788 0.564677
vt 0.136788 0.531921
s 0
f 9/21/7 13/22/7 15/23/7 11/24/7
f 12/25/8 11/26/8 15/27/8 16/28/8
f 16/29/9 15/30/9 13/31/9 14/32/9
f 14/33/10 10/21/10 12/34/10 16/35/10
f 10/36/11 9/37/11 11/38/11 12/27/11
f 14/39/12 13/40/12 9/41/12 10/42/12
o Cube.002
v 1.364777 0.050000 -1.494043
v 1.364777 -0.050000 -1.494043
v 1.283648 0.050000 1.504860
v 1.283648 -0.050000 1.504860
v 0.964923 0.050000 -1.504860
v 0.964923 -0.050000 -1.504860
v 0.883794 0.050000 1.494043
v 0.883794 -0.050000 1.494043
vn -0.0000 1.0000 -0.0000
vn -0.0270 -0.0000 0.9996
vn -0.9996 -0.0000 -0.0270
vn -0.0000 -1.0000 -0.0000
vn 0.9996 -0.0000 0.0270
vn 0.0270 -0.0000 -0.9996
vt 0.988441 0.252424
vt 0.988441 0.383447
vt 0.005765 0.383447
vt 0.005765 0.252424
vt 0.136788 0.023132
vt 0.136788 0.055888
vt 0.005765 0.055888
vt 0.005765 0.023132
vt 0.988441 0.088644
vt 0.988441 0.121400
vt 0.005765 0.121400
vt 0.005765 0.088644
vt 0.988441 0.121400
vt 0.988441 0.252424
vt 0.005765 0.252424
vt 0.005765 0.121400
vt 0.988441 0.055888
vt 0.988441 0.088644
vt 0.005765 0.088644
vt 0.005765 0.055888
vt 0.267812 0.023132
vt 0.267812 0.055888
vt 0.136788 0.055888
vt 0.136788 0.023132
s 0
f 17/43/13 21/44/13 23/45/13 19/46/13
f 20/47/14 19/48/14 23/49/14 24/50/14
f 24/51/15 23/52/15 21/53/15 22/54/15
f 22/55/16 18/56/16 20/57/16 24/58/16
f 18/59/17 17/60/17 19/61/17 20/62/17
f 22/63/18 21/64/18 17/65/18 18/66/18
o Cube.003
v 1.825228 0.050000 -1.508104
v 1.825228 -0.050000 -1.508104
v 1.974744 0.050000 1.488168
v 1.974744 -0.050000 1.488168
v 1.425725 0.050000 -1.488168
v 1.425725 -0.050000 -1.488168
v 1.575241 0.050000 1.508104
v 1.575241 -0.050000 1.508104
vn -0.0000 1.0000 -0.0000
vn 0.0498 -0.0000 0.9988
vn -0.9988 -0.0000 0.0498
vn -0.0000 -1.0000 -0.0000
vn 0.9988 -0.0000 -0.0498
vn -0.0498 -0.0000 -0.9988
vt 0.988441 0.288556
vt 0.988441 0.419580
vt 0.005765 0.419580
vt 0.005765 0.288556
vt 0.136788 0.059265
vt 0.136788 0.092021
vt 0.005765 0.092021
vt 0.005765 0.059265
vt 0.988441 0.124777
vt 0.988441 0.157533
vt 0.005765 0.157533
vt 0.005765 0.124777
vt 0.988441 0.157533
vt 0.988441 0.288556
vt 0.005765 0.288556
vt 0.005765 0.157533
vt 0.988441 0.092021
vt 0.988441 0.124777
vt 0.005765 0.124777
vt 0.005765 0.092021
vt 0.267812 0.059265
vt 0.267812 0.092021
vt 0.136788 0.092021
vt 0.136788 0.059265
s 0
f 25/67/19 29/68/19 31/69/19 27/70/19
f 28/71/20 27/72/20 31/73/20 32/74/20
f 32/75/21 31/76/21 29/77/21 30/78/21
f 30/79/22 26/80/22 28/81/22 32/82/22
f 26/83/23 25/84/23 27/85/23 28/86/23
f 30/87/24 29/88/24 25/89/24 26/90/24
o Cube.004
v 2.273823 0.050000 -1.513273
v 2.273823 -0.050000 -1.513273
v 2.666306 0.050000 1.460942
v 2.666306 -0.050000 1.460942
v 1.877261 0.050000 -1.460942
v 1.877261 -0.050000 -1.460942
v 2.269744 0.050000 1.513273
v 2.269744 -0.050000 1.513273
vn -0.0000 1.0000 -0.0000
vn 0.1308 -0.0000 0.9914
vn -0.9914 -0.0000 0.1308
vn -0.0000 -1.0000 -0.0000
vn 0.9914 -0.0000 -0.1308
vn -0.1308 -0.0000 -0.9914
vt 0.988441 0.408674
vt 0.988441 0.539697
vt 0.005765 0.539697
vt 0.005765 0.408673
vt 0.136788 0.179382
vt 0.136788 0.212138
vt 0.005765 0.212138
vt 0.005765 0.179382
vt 0.988441 0.244894
vt 0.988441 0.277650
vt 0.005765 0.277650
vt 0.005765 0.244894
vt 0.988441 0.277650
vt 0.005765 0.277650
vt 0.988441 0.212138
vt 0.988441 0.244894
vt 0.005765 0.244894
vt 0.267812 0.179382
vt 0.267812 0.212138
vt 0.136788 0.212138
vt 0.136788 0.179382
s 0
f 33/91/25 37/92/25 39/93/25 35/94/25
f 36/95/26 35/96/26 39/97/26 40/98/26
f 40/99/27 39/100/27 37/101/27 38/102/27
f 38/103/28 34/91/28 36/94/28 40/104/28
f 34/105/29 33/106/29 35/107/29 36/97/29
f 38/108/30 37/109/30 33/110/30 34/111/30
o Cube.005
v 2.954222 0.050000 -1.508135
v 2.954222 -0.050000 -1.508135
v 3.104498 0.050000 1.488099
v 3.104498 -0.050000 1.488099
v 2.554724 0.050000 -1.488099
v 2.554724 -0.050000 -1.488099
v 2.705000 0.050000 1.508135
v 2.705000 -0.050000 1.508135
vn -0.0000 1.0000 -0.0000
vn 0.0501 -0.0000 0.9987
vn -0.9987 -0.0000 0.0501
vn -0.0000 -1.0000 -0.0000
vn 0.9987 -0.0000 -0.0501
vn -0.0501 -0.0000 -0.9987
vt 0.988441 0.750470
vt 0.988441 0.881494
vt 0.005765 0.881494
vt 0.005765 0.750470
vt 0.136788 0.521179
vt 0.136788 0.553935
vt 0.005765 0.553935
vt 0.005765 0.521179
vt 0.988441 0.586691
vt 0.988441 0.619447
vt 0.005765 0.619447
vt 0.005765 0.586691
vt 0.988441 0.619447
vt 0.005765 0.750470
vt 0.005765 0.619447
vt 0.988441 0.553935
vt 0.988441 0.586691
vt 0.005765 0.586691
vt 0.005765 0.553935
vt 0.267812 0.521179
vt 0.267812 0.553935
vt 0.136788 0.553935
vt 0.136788 0.521179
s 0
f 41/112/31 45/113/31 47/114/31 43/115/31
f 44/116/32 43/117/32 47/118/32 48/119/32
f 48/120/33 47/121/33 45/122/33 46/123/33
f 46/124/34 42/112/34 44/125/34 48/126/34
f 42/127/35 41/128/35 43/129/35 44/130/35
f 46/131/36 45/132/36 41/133/36 42/134/36
o Cube.006
v -0.511468 0.050000 -1.512185
v -0.511468 -0.050000 -1.512185
v -0.228068 0.050000 1.474399
v -0.228068 -0.050000 1.474399
v -0.909679 0.050000 -1.474399
v -0.909679 -0.050000 -1.474399
v -0.626279 0.050000 1.512185
v -0.626279 -0.050000 1.512185
vn -0.0000 1.0000 -0.0000
vn 0.0945 -0.0000 0.9955
vn -0.9955 -0.0000 0.0945
vn -0.0000 -1.0000 -0.0000
vn 0.9955 -0.0000 -0.0945
vn -0.0945 -0.0000 -0.9955
vt 0.988441 0.407697
vt 0.988441 0.538721
vt 0.005765 0.538720
vt 0.005765 0.407697
vt 0.136788 0.178406
vt 0.136788 0.211162
vt 0.005765 0.211162
vt 0.005765 0.178406
vt 0.988441 0.211162
vt 0.988441 0.243918
vt 0.005765 0.243917
vt 0.005765 0.211162
vt 0.988441 0.276674
vt 0.005765 0.407697
vt 0.005765 0.276674
vt 0.988441 0.243918
vt 0.988441 0.276674
vt 0.005765 0.276673
vt 0.005765 0.243918
vt 0.267812 0.178406
vt 0.267812 0.211162
s 0
f 49/135/37 53/136/37 55/137/37 51/138/37
f 52/139/38 51/140/38 55/141/38 56/142/38
f 56/143/39 55/144/39 53/145/39 54/146/39
f 54/147/40 50/135/40 52/148/40 56/149/40
f 50/150/41 49/151/41 51/152/41 52/153/41
f 54/154/42 53/155/42 49/140/42 50/139/42
o Cube.007
v -0.928309 0.050000 -1.503555
v -0.928309 -0.050000 -1.503555
v -0.870850 0.050000 1.495894
v -0.870850 -0.050000 1.495894
v -1.328236 0.050000 -1.495894
v -1.328236 -0.050000 -1.495894
v -1.270777 0.050000 1.503555
v -1.270777 -0.050000 1.503555
vn -0.0000 1.0000 -0.0000
vn 0.0192 -0.0000 0.9998
vn -0.9998 -0.0000 0.0192
vn -0.0000 -1.0000 -0.0000
vn 0.9998 -0.0000 -0.0192
vn -0.0192 -0.0000 -0.9998
vt 0.988441 0.262189
vt 0.988441 0.393213
vt 0.005765 0.393213
vt 0.005765 0.262189
vt 0.136788 0.032898
vt 0.136788 0.065654
vt 0.005765 0.065654
vt 0.005765 0.032898
vt 0.988441 0.098410
vt 0.988441 0.131166
vt 0.005765 0.131166
vt 0.005765 0.098410
vt 0.988441 0.131166
vt 0.005765 0.262189
vt 0.005765 0.131166
vt 0.988441 0.065654
vt 0.988441 0.098410
vt 0.005765 0.098410
vt 0.005765 0.065654
vt 0.267812 0.032898
vt 0.267812 0.065654
vt 0.136788 0.065654
vt 0.136788 0.032898
s 0
f 57/156/43 61/157/43 63/158/43 59/159/43
f 60/160/44 59/161/44 63/162/44 64/163/44
f 64/164/45 63/165/45 61/166/45 62/167/45
f 62/168/46 58/156/46 60/169/46 64/170/46
f 58/171/47 57/172/47 59/173/47 60/174/47
f 62/175/48 61/176/48 57/177/48 58/178/48
o Cube.008
v -1.354679 0.050000 -1.491292
v -1.354679 -0.050000 -1.491292
v -1.468961 0.050000 1.506530
v -1.468961 -0.050000 1.506530
v -1.754388 0.050000 -1.506530
v -1.754388 -0.050000 -1.506530
v -1.868670 0.050000 1.491292
v -1.868670 -0.050000 1.491292
vn -0.0000 1.0000 -0.0000
vn -0.0381 -0.0000 0.9993
vn -0.9993 -0.0000 -0.0381
vn -0.0000 -1.0000 -0.0000
vn 0.9993 -0.0000 0.0381
vn 0.0381 -0.0000 -0.9993
vt 0.988441 0.645978
vt 0.988441 0.777002
vt 0.005765 0.777002
vt 0.005765 0.645978
vt 0.136788 0.416687
vt 0.136788 0.449443
vt 0.005765 0.449443
vt 0.005765 0.416687
vt 0.988441 0.482199
vt 0.988441 0.514955
vt 0.005765 0.514955
vt 0.005765 0.482199
vt 0.988441 0.514955
vt 0.005765 0.514955
vt 0.988441 0.449443
vt 0.988441 0.482199
vt 0.005765 0.482199
vt 0.005765 0.449443
vt 0.267812 0.416687
vt 0.267812 0.449443
s 0
f 65/179/49 69/180/49 71/181/49 67/182/49
f 68/183/50 67/184/50 71/185/50 72/186/50
f 72/187/51 71/188/51 69/189/51 70/190/51
f 70/191/52 66/179/52 68/182/52 72/192/52
f 66/193/53 65/194/53 67/195/53 68/196/53
f 70/197/54 69/198/54 65/184/54 66/183/54
o Cube.009
v -1.911182 0.050000 -1.497244
v -1.911182 -0.050000 -1.497244
v -1.950586 0.050000 1.502498
v -1.950586 -0.050000 1.502498
v -2.311148 0.050000 -1.502498
v -2.311148 -0.050000 -1.502498
v -2.350551 0.050000 1.497244
v -2.350551 -0.050000 1.497244
vn -0.0000 1.0000 -0.0000
vn -0.0131 -0.0000 0.9999
vn -0.9999 -0.0000 -0.0131
vn -0.0000 -1.0000 -0.0000
vn 0.9999 -0.0000 0.0131
vn 0.0131 -0.0000 -0.9999
vt 0.988441 0.245588
vt 0.988441 0.376611
vt 0.005765 0.376611
vt 0.005765 0.245588
vt 0.267812 0.016296
vt 0.267812 0.049052
vt 0.136788 0.049052
vt 0.136788 0.016296
vt 0.988441 0.049052
vt 0.988441 0.081808
vt 0.005765 0.081808
vt 0.005765 0.049052
vt 0.988441 0.114564
vt 0.005765 0.245588
vt 0.005765 0.114564
vt 0.988441 0.081808
vt 0.988441 0.114564
vt 0.005765 0.114564
vt 0.005765 0.081808
vt 0.136788 0.016296
vt 0.136788 0.049052
vt 0.005765 0.049052
vt 0.005765 0.016296
s 0
f 73/199/55 77/200/55 79/201/55 75/202/55
f 76/203/56 75/204/56 79/205/56 80/206/56
f 80/207/57 79/208/57 77/209/57 78/210/57
f 78/211/58 74/199/58 76/212/58 80/213/58
f 74/214/59 73/215/59 75/216/59 76/217/59
f 78/218/60 77/219/60 73/220/60 74/221/60
o Cube.010
v -2.545186 0.050000 -1.507053
v -2.545186 -0.050000 -1.507053
v -2.419692 0.050000 1.490321
v -2.419692 -0.050000 1.490321
v -2.944835 0.050000 -1.490321
v -2.944835 -0.050000 -1.490321
v -2.819342 0.050000 1.507053
v -2.819342 -0.050000 1.507053
vn -0.0000 1.0000 -0.0000
vn 0.0418 -0.0000 0.9991
vn -0.9991 -0.0000 0.0418
vn -0.0000 -1.0000 -0.0000
vn 0.9991 -0.0000 -0.0418
vn -0.0418 -0.0000 -0.9991
vt 0.988441 0.861799
vt 0.988441 0.992822
vt 0.005765 0.992822
vt 0.005765 0.861798
vt 0.136788 0.632507
vt 0.136788 0.665263
vt 0.005765 0.665263
vt 0.005765 0.632507
vt 0.988441 0.698019
vt 0.988441 0.730775
vt 0.005765 0.730775
vt 0.005765 0.698019
vt 0.988441 0.730775
vt 0.988441 0.861799
vt 0.005765 0.861799
vt 0.005765 0.730775
vt 0.988441 0.665263
vt 0.988441 0.698019
vt 0.005765 0.698019
vt 0.005765 0.665263
vt 0.267812 0.632507
vt 0.267812 0.665263
vt 0.136788 0.665263
vt 0.136788 0.632507
s 0
f 81/222/61 85/223/61 87/224/61 83/225/61
f 84/226/62 83/227/62 87/228/62 88/229/62
f 88/230/63 87/231/63 85/232/63 86/233/63
f 86/234/64 82/235/64 84/236/64 88/237/64
f 82/238/65 81/239/65 83/240/65 84/241/65
f 86/242/66 85/243/66 81/244/66 82/245/66
o Cube.011
v -2.998480 -0.150000 1.283333
v -2.998480 -0.050000 1.283333
v -3.001031 -0.150000 1.083350
v -3.001031 -0.050000 1.083350
v 3.001031 -0.150000 1.206802
v 3.001031 -0.050000 1.206802
v 2.998480 -0.150000 1.006818
v 2.998480 -0.050000 1.006818
vn -0.9999 -0.0000 0.0128
vn -0.0128 -0.0000 -0.9999
vn 0.9999 -0.0000 -0.0128
vn 0.0128 -0.0000 0.9999
vn -0.0000 -1.0000 -0.0000
vn -0.0000 1.0000 -0.0000
vt 0.038521 0.878176
vt 0.038521 0.894554
vt 0.005765 0.894554
vt 0.005765 0.878176
vt 0.988441 0.910932
vt 0.988441 0.927310
vt 0.005765 0.927310
vt 0.005765 0.910932
vt 0.071277 0.878176
vt 0.071277 0.894554
vt 0.038521 0.894554
vt 0.988441 0.894554
vt 0.988441 0.910932
vt 0.005765 0.910932
vt 0.005765 0.960066
vt 0.988441 0.960066
vt 0.988441 0.992822
vt 0.005765 0.992822
vt 0.005765 0.960066
vt 0.005765 0.927310
s 0
f 89/246/67 90/247/67 92/248/67 91/249/67
f 91/250/68 92/251/68 96/252/68 95/253/68
f 95/254/69 96/255/69 94/256/69 93/246/69
f 93/257/70 94/258/70 90/259/70 89/248/70
f 91/260/71 95/261/71 93/262/71 89/263/71
f 96/261/72 92/264/72 90/265/72 94/251/72
o Cube.012
v -2.994161 -0.150000 -0.938177
v -2.994161 -0.050000 -0.938177
v -3.001641 -0.150000 -1.138037
v -3.001641 -0.050000 -1.138037
v 3.001641 -0.150000 -1.162590
v 3.001641 -0.050000 -1.162590
v 2.994161 -0.150000 -1.362450
v 2.994161 -0.050000 -1.362450
vn -0.9993 -0.0000 0.0374
vn -0.0374 -0.0000 -0.9993
vn 0.9993 -0.0000 -0.0374
vn 0.0374 -0.0000 0.9993
vn -0.0000 -1.0000 -0.0000
vn -0.0000 1.0000 -0.0000
vt 0.071277 0.878176
vt 0.071277 0.894554
vt 0.038521 0.894554
vt 0.038521 0.878176
vt 0.988441 0.894554
vt 0.988441 0.910932
vt 0.005765 0.910932
vt 0.005765 0.894554
vt 0.005765 0.878176
vt 0.988441 0.910932
vt 0.988441 0.927310
vt 0.005765 0.927310
vt 0.005765 0.910932
vt 0.005765 0.960066
vt 0.988441 0.960066
vt 0.988441 0.992822
vt 0.005765 0.992822
vt 0.988441 0.960066
vt 0.005765 0.927310
vt 0.988441 0.927310
s 0
f 97/266/73 98/267/73 100/268/73 99/269/73
f 99/270/74 100/271/74 104/272/74 103/273/74
f 103/269/75 104/268/75 102/273/75 101/274/75
f 101/275/76 102/276/76 98/277/76 97/278/76
f 99/279/77 103/280/77 101/281/77 97/282/77
f 104/283/78 100/279/78 98/284/78 102/285/78
o Cube.013
v 1.013076 -2.576685 -1.148446
v 1.013076 0.458488 -1.148446
v 1.023811 -2.576685 -1.448254
v 1.023811 0.458488 -1.448254
v 1.312884 -2.576685 -1.137711
v 1.312884 0.458488 -1.137711
v 1.323619 -2.576685 -1.437519
v 1.323619 0.458488 -1.437519
vn -0.9994 -0.0000 -0.0358
vn 0.0358 -0.0000 -0.9994
vn 0.9994 -0.0000 0.0358
vn -0.0358 -0.0000 0.9994
vn -0.0000 -1.0000 -0.0000
vn -0.0000 1.0000 -0.0000
vt 0.988441 0.798564
vt 0.005765 0.798564
vt 0.005765 0.701436
vt 0.988441 0.701436
vt 0.988441 0.895693
vt 0.005765 0.895693
vt 0.988441 0.992822
vt 0.005765 0.992822
vt 0.005765 0.895693
vt 0.988441 0.895693
vt 0.005765 0.701436
vt 0.005765 0.604307
vt 0.988441 0.604307
vt 0.200023 0.604307
vt 0.102894 0.604307
vt 0.102894 0.507178
vt 0.200023 0.507178
vt 0.102894 0.507178
vt 0.102894 0.604307
vt 0.005765 0.507178
s 0
f 105/286/79 106/287/79 108/288/79 107/289/79
f 107/290/80 108/291/80 112/287/80 111/286/80
f 111/292/81 112/293/81 110/294/81 109/295/81
f 109/289/82 110/296/82 106/297/82 105/298/82
f 107/299/83 111/300/83 109/301/83 105/302/83
f 112/303/84 108/304/84 106/297/84 110/305/84
o Cube.014
v 0.913117 -2.504650 1.390087
v 0.913117 0.530524 1.390087
v 0.979940 -2.504650 1.097624
v 0.979940 0.530524 1.097624
v 1.205580 -2.504650 1.456909
v 1.205580 0.530524 1.456909
v 1.272403 -2.504650 1.164446
v 1.272403 0.530524 1.164446
vn -0.9749 -0.0000 -0.2227
vn 0.2227 -0.0000 -0.9749
vn 0.9749 -0.0000 0.2227
vn -0.2227 -0.0000 0.9749
vn -0.0000 -1.0000 -0.0000
vn -0.0000 1.0000 -0.0000
vt 0.988441 0.895693
vt 0.005765 0.895693
vt 0.005765 0.798564
vt 0.988441 0.798564
vt 0.988441 0.992822
vt 0.005765 0.992822
vt 0.005765 0.895693
vt 0.988441 0.701436
vt 0.005765 0.701435
vt 0.005765 0.604307
vt 0.988441 0.604307
vt 0.988441 0.798564
vt 0.005765 0.798564
vt 0.102894 0.507178
vt 0.102894 0.604307
vt 0.005765 0.507178
vt 0.200022 0.507178
vt 0.200022 0.604307
vt 0.102894 0.604307
vt 0.102894 0.507178
s 0
f 113/306/85 114/307/85 116/308/85 115/309/85
f 115/310/86 116/311/86 120/312/86 119/306/86
f 119/313/87 120/314/87 118/315/87 117/316/87
f 117/317/88 118/318/88 114/314/88 113/313/88
f 115/319/89 119/320/89 117/315/89 113/321/89
f 120/322/90 116/323/90 114/324/90 118/325/90
o Cube.015
v -2.864030 -2.523912 -1.109259
v -2.864030 0.511261 -1.109259
v -2.928050 -2.523912 -1.402349
v -2.928050 0.511261 -1.402349
v -2.570941 -2.523912 -1.173279
v -2.570941 0.511261 -1.173279
v -2.634960 -2.523912 -1.466368
v -2.634960 0.511261 -1.466368
vn -0.9770 -0.0000 0.2134
vn -0.2134 -0.0000 -0.9770
vn 0.9770 -0.0000 -0.2134
vn 0.2134 -0.0000 0.9770
vn -0.0000 -1.0000 -0.0000
vn -0.0000 1.0000 -0.0000
vt 0.988441 0.992822
vt 0.005765 0.992822
vt 0.005765 0.895693
vt 0.988441 0.895693
vt 0.988441 0.798564
vt 0.005765 0.798564
vt 0.005765 0.701436
vt 0.988441 0.701436
vt 0.988441 0.895693
vt 0.005765 0.895693
vt 0.005765 0.798564
vt 0.988441 0.798564
vt 0.005765 0.604307
vt 0.988441 0.604307
vt 0.102894 0.507178
vt 0.102894 0.604307
vt 0.005765 0.604307
vt 0.005765 0.507178
vt 0.200023 0.507178
vt 0.200023 0.604307
vt 0.102894 0.604307
vt 0.102894 0.507178
s 0
f 121/326/91 122/327/91 124/328/91 123/329/91
f 123/330/92 124/331/92 128/332/92 127/333/92
f 127/334/93 128/335/93 126/336/93 125/337/93
f 125/333/94 126/332/94 122/338/94 121/339/94
f 123/340/95 127/341/95 125/342/95 121/343/95
f 128/344/96 124/345/96 122/346/96 126/347/96
o Cube.016
v -2.761126 -2.586087 1.451159
v -2.761126 0.449086 1.451159
v -2.800369 -2.586087 1.153737
v -2.800369 0.449086 1.153737
v -2.463704 -2.586087 1.411916
v -2.463704 0.449086 1.411916
v -2.502947 -2.586087 1.114494
v -2.502947 0.449086 1.114494
vn -0.9914 -0.0000 0.1308
vn -0.1308 -0.0000 -0.9914
vn 0.9914 -0.0000 -0.1308
vn 0.1308 -0.0000 0.9914
vn -0.0000 -1.0000 -0.0000
vn -0.0000 1.0000 -0.0000
vt 0.988441 0.992822
vt 0.005765 0.992822
vt 0.005765 0.895693
vt 0.988441 0.895693
vt 0.988441 0.895693
vt 0.005765 0.895693
vt 0.005765 0.798564
vt 0.988441 0.798564
vt 0.988441 0.798564
vt 0.005765 0.798564
vt 0.005765 0.701436
vt 0.988441 0.701436
vt 0.005765 0.604307
vt 0.988441 0.604307
vt 0.102894 0.507178
vt 0.102894 0.604307
vt 0.005765 0.604307
vt 0.005765 0.507178
vt 0.200023 0.507178
vt 0.200022 0.604307
vt 0.102894 0.604307
vt 0.102894 0.507178
s 0
f 129/348/97 130/349/97 132/350/97 131/351/97
f 131/352/98 132/353/98 136/354/98 135/355/98
f 135/356/99 136/357/99 134/358/99 133/359/99
f 133/359/100 134/358/100 130/360/100 129/361/100
f 131/362/101 135/363/101 133/364/101 129/365/101
f 136/366/102 132/367/102 130/368/102 134/369/102
